35 0.4750744047619047 0.4664351851851852 0.01066468253968254 0.013558201058201057
35 0.3628472222222222 0.4669312169312169 0.009424603174603174 0.011243386243386243
15 0.5562996031746031 0.3551587301587301 0.008432539682539682 0.011904761904761904
15 0.5656001984126984 0.3792989417989418 0.011656746031746032 0.016534391534391533
15 0.5415426587301587 0.35548941798941797 0.008680555555555556 0.011904761904761904
15 0.5348462301587301 0.3802910052910053 0.011656746031746032 0.017195767195767195
15 0.5673363095238095 0.4323743386243386 0.011656746031746032 0.016865079365079364
15 0.5267857142857143 0.35565476190476186 0.008432539682539682 0.012235449735449735
15 0.5353422619047619 0.4419642857142857 0.012648809523809524 0.016865079365079364
71 0.36272321428571425 0.45353835978835977 0.011160714285714284 0.013558201058201057
15 0.5345982142857143 0.4126984126984127 0.012152777777777776 0.016534391534391533
71 0.4750744047619047 0.4532076719576719 0.011160714285714284 0.013558201058201057
44 0.4956597222222222 0.4626322751322751 0.010168650793650792 0.017857142857142856
