45 0.9397977941176471 0.5590277777777778 0.01133578431372549 0.027369281045751634
47 0.6078431372549019 0.547998366013072 0.012254901960784314 0.0053104575163398695
54 0.8298100490196079 0.4334150326797386 0.04258578431372549 0.05473856209150327
45 0.4970894607843137 0.5784313725490197 0.007659313725490196 0.01388888888888889
13 0.6075367647058824 0.5371732026143791 0.011642156862745098 0.01388888888888889
4 0.38434436274509803 0.39133986928104575 0.05667892156862745 0.06290849673202614
0 0.08409926470588235 0.6068218954248367 0.09037990196078431 0.11887254901960785
4 0.8270526960784313 0.3713235294117647 0.0585171568627451 0.07026143790849673
54 0.38480392156862747 0.4483251633986928 0.042279411764705885 0.05514705882352941
0 0.4854473039215686 0.5747549019607844 0.01991421568627451 0.02777777777777778
54 0.8595281862745098 0.5279820261437909 0.012561274509803922 0.020833333333333336
4 0.8537071078431372 0.5042892156862745 0.014399509803921568 0.023284313725490197
