28 0.776171875 0.44050925925925927 0.045572916666666664 0.07824074074074075
32 0.44453125 0.5418981481481482 0.008854166666666666 0.01898148148148148
32 0.45468749999999997 0.544212962962963 0.0109375 0.01990740740740741
32 0.4649739583333333 0.5449074074074074 0.01171875 0.020370370370370372
32 0.4791666666666667 0.5449074074074074 0.011458333333333333 0.021296296296296296
27 0.49049479166666665 0.5416666666666667 0.012239583333333333 0.025
42 0.77578125 0.35833333333333334 0.0546875 0.08703703703703704
27 0.574609375 0.544212962962963 0.014322916666666666 0.025462962962962965
14 0.6123697916666666 0.5541666666666667 0.016927083333333332 0.030555555555555558
28 0.5673177083333333 0.5157407407407407 0.01015625 0.019444444444444445
4 0.5666666666666667 0.49583333333333335 0.013541666666666667 0.021296296296296296
