33 0.3049938725490196 0.6023965141612201 0.02542892156862745 0.04357298474945534
14 0.6112132352941176 0.735566448801743 0.011029411764705881 0.021241830065359478
14 0.7579656862745098 0.7608932461873639 0.010416666666666666 0.019607843137254905
36 0.609375 0.7627995642701526 0.010416666666666666 0.019063180827886713
36 0.8828125 0.8025599128540306 0.011948529411764705 0.019063180827886713
36 0.3098958333333333 0.7208605664488018 0.012561274509803922 0.019063180827886713
36 0.1568627450980392 0.7031590413943356 0.014093137254901961 0.020697167755991286
14 0.1603860294117647 0.6753812636165578 0.013786764705882353 0.02178649237472767
14 0.8826593137254902 0.7785947712418302 0.010416666666666666 0.01797385620915033
36 0.7573529411764706 0.7875816993464053 0.011029411764705881 0.019607843137254905
36 0.45496323529411764 0.7377450980392157 0.011642156862745098 0.019063180827886713
14 0.3128063725490196 0.6933551198257081 0.012867647058823529 0.02178649237472767
14 0.4571078431372549 0.7105119825708062 0.011029411764705881 0.021241830065359478
67 0.2181372549019608 0.5931372549019608 0.026348039215686275 0.042483660130718956
51 0.7271752450980392 0.9000544662309369 0.016237745098039217 0.03431372549019608
1 0.29672181372549017 0.5005446623093682 0.030943627450980393 0.05119825708061003
51 0.7049632352941176 0.897331154684096 0.016544117647058824 0.0332244008714597
32 0.6591605392156863 0.8948801742919391 0.016237745098039217 0.03376906318082789
32 0.6816789215686274 0.897331154684096 0.016544117647058824 0.03649237472766885
