4 0.8986257530120483 0.5860107095046854 0.014118975903614458 0.023427041499330656
39 0.33273719879518077 0.5960508701472557 0.002447289156626506 0.012717536813922356
47 0.571253765060241 0.6204819277108433 0.006965361445783133 0.004016064257028112
16 0.9010730421686748 0.6075970548862115 0.009224397590361446 0.017737617135207495
8 0.466773343373494 0.6385542168674698 0.005459337349397591 0.0107095046854083
15 0.7172439759036146 0.4400937081659973 0.04292168674698795 0.07764390896921017
16 0.8042168674698795 0.6226572958500669 0.00677710843373494 0.014390896921017403
7 0.5713478915662651 0.6126171352074966 0.007153614457831326 0.011713520749665328
36 0.592714608433735 0.6265060240963856 0.009224397590361446 0.014725568942436412
28 0.5926204819277109 0.609772423025435 0.00941265060240964 0.017402945113788485
