15 0.31832107843137253 0.47528594771241833 0.009191176470588236 0.01184640522875817
11 0.8255208333333334 0.10784313725490197 0.057291666666666664 0.04411764705882353
11 0.4716605392156863 0.48815359477124187 0.005821078431372549 0.026143790849673203
7 0.6132046568627451 0.46343954248366015 0.01807598039215686 0.02246732026143791
19 0.32506127450980393 0.4513888888888889 0.02696078431372549 0.032679738562091505
7 0.5438112745098039 0.4916258169934641 0.022058823529411763 0.026552287581699346
7 0.9151348039215687 0.48141339869281047 0.023284313725490197 0.024918300653594773
1 0.6139705882352942 0.48427287581699346 0.013480392156862746 0.01838235294117647
11 0.47028186274509803 0.12111928104575163 0.03860294117647059 0.04370915032679739
19 0.5442708333333334 0.46425653594771243 0.022365196078431373 0.02573529411764706
11 0.8774509803921569 0.10518790849673203 0.042279411764705885 0.046977124183006536
11 0.5208333333333334 0.12091503267973856 0.03676470588235294 0.03839869281045752
