30 0.34064980158730157 0.08531746031746032 0.009672619047619048 0.01917989417989418
8 0.2487599206349206 0.11507936507936507 0.00744047619047619 0.017857142857142856
11 0.2743055555555555 0.12086640211640211 0.00992063492063492 0.018849206349206348
31 0.24181547619047616 0.1585648148148148 0.008928571428571428 0.015542328042328041
0 0.38330853174603174 0.2908399470899471 0.016617063492063492 0.0248015873015873
22 0.2462797619047619 0.09656084656084656 0.00744047619047619 0.016534391534391533
45 0.32775297619047616 0.0916005291005291 0.008680555555555556 0.01917989417989418
8 0.2564484126984127 0.3544973544973545 0.01488095238095238 0.01984126984126984
11 0.3128720238095238 0.3708664021164021 0.022569444444444444 0.026124338624338623
49 0.26041666666666663 0.10846560846560846 0.00744047619047619 0.015873015873015872
31 0.24900793650793648 0.29811507936507936 0.012896825396825396 0.022156084656084655
35 0.23586309523809523 0.103505291005291 0.00744047619047619 0.017195767195767195
0 0.3524305555555555 0.05737433862433862 0.009424603174603174 0.018849206349206348
30 0.3784722222222222 0.32093253968253965 0.015376984126984126 0.021494708994708994
33 0.22879464285714285 0.14566798941798942 0.007688492063492063 0.017526455026455025
