15 0.5611213235294118 0.5684232026143791 0.01011029411764706 0.012663398692810458
8 0.17478553921568626 0.6401143790849674 0.036458333333333336 0.04493464052287582
51 0.7277879901960784 0.6319444444444444 0.01685049019607843 0.022058823529411766
44 0.5471813725490196 0.6299019607843137 0.006127450980392157 0.013071895424836602
44 0.639859068627451 0.610702614379085 0.014399509803921568 0.029411764705882353
15 0.5618872549019608 0.6092728758169935 0.00980392156862745 0.013480392156862746
44 0.9005821078431372 0.6217320261437909 0.01807598039215686 0.035130718954248366
15 0.897671568627451 0.653390522875817 0.02022058823529412 0.028186274509803922
15 0.6389399509803921 0.6378676470588236 0.019301470588235295 0.026552287581699346
15 0.561734068627451 0.5886437908496732 0.009497549019607842 0.014705882352941176
